AdaBoost Regressor:
  best_params:
    learning_rate: 1.0
    n_estimators: 200
  test_r2: 0.8525919434711453
  train_r2: 0.8535678712396048
CatBoosting Regressor:
  best_params:
    depth: 4
    iterations: 200
    learning_rate: 0.05
  test_r2: 0.8677820986407689
  train_r2: 0.8876352778558434
Decision Tree:
  best_params:
    criterion: friedman_mse
    max_depth: 5
    min_samples_split: 2
  test_r2: 0.8242299188020519
  train_r2: 0.8550110711822139
ElasticNet:
  best_params:
    alpha: 0.01
    l1_ratio: 0.9
    max_iter: 1000
  test_r2: 0.8807554619884935
  train_r2: 0.8742974597424238
Gradient Boosting Regressor:
  best_params:
    learning_rate: 0.05
    max_depth: 3
    n_estimators: 100
    subsample: 0.75
  test_r2: 0.8721742805337366
  train_r2: 0.8875145518960447
K-Neighbors Regressor:
  best_params:
    algorithm: auto
    n_neighbors: 7
    weights: distance
  test_r2: 0.6286532050412489
  train_r2: 0.9996534669718089
Lasso:
  best_params:
    alpha: 0.01
    max_iter: 1000
  test_r2: 0.880699029591067
  train_r2: 0.8743085265925317
Linear Regression:
  best_params: {}
  test_r2: 0.8804332983749564
  train_r2: 0.8743172040139593
Random Forest Regressor:
  best_params:
    max_depth: null
    max_features: log2
    min_samples_split: 2
    n_estimators: 100
  test_r2: 0.8175811146631944
  train_r2: 0.9758994569006628
Ridge:
  best_params:
    alpha: 0.1
    solver: svd
  test_r2: 0.8804459421436606
  train_r2: 0.8743171178192345
XGBRegressor:
  best_params:
    learning_rate: 0.1
    max_depth: 3
    n_estimators: 100
  test_r2: 0.8644790844383055
  train_r2: 0.9011091303734957
